1  0000 0000
2  1010 0111
3  0000 0000
4  1110 0110
5  0000 0000
6  1011 1100
7  0000 0000
8  1110 0110
9  0001 0111
10  1110 0110
11  0001 0111
12  1110 0110
13  0000 0000
14  1011 1100
15  0000 0000
16  1111 1111
17  0000 0000
18  1111 1111
19  0000 0000
20  1111 1111
21  0000 0000
22  1010 0111
23  0000 0000
24  1111 1111
25  0001 0111
26  1010 0111
27  0000 0000
28  1010 0111
29  0100 0110
30  1010 0111
31  0000 0000
32  1010 0111
33  0100 0110
34  1110 0110
35  0000 0000
36  1110 0110
37  0000 0000
38  1110 0110
39  0000 0000
40  1110 0110
41  0000 0000
42  1011 1100
43  0000 0000
44  1011 1100
45  0000 0000
46  1011 1100
47  0000 0000
48  1010 0111
49  0000 0000
50  1011 1100
51  0000 0000
52  1011 1100
53  0000 0000
54  1111 1111
55  0100 0110
56  1110 0110
57  0000 0000
58  1110 0110
59  0000 0000
60  1111 1111
61  0001 0111
62  1010 0111
63  0000 0000
64  1111 1111
65  0000 0000
66  1111 1111
67  0000 0000
68  1111 1111
69  0000 0000
70  1110 0110
71  0100 0110
72  1010 0111
73  0000 0000
74  1010 0111
75  0000 0000
76  1111 1111
77  0000 0000
78  1110 0110
79  0100 0110
80  1011 1100
81  0000 0000
82  1010 0111
83  0000 0000
84  1110 0110
85  0001 0111
86  1011 1100
87  0001 0111
88  1011 1100
89  0000 0000
90  1011 1100
91  0000 0000
92  1010 0111
93  0100 0110
94  1111 1111
95  0100 0110
96  1110 0110
97  0000 0000
98  1110 0110
99  0001 0111
100  1110 0110
101  0001 0111
102  1111 1111
103  0101 1101
104  1111 1111
105  0000 0000
106  1010 0111
107  0101 1101
108  1010 0111
109  0000 0000
110  1110 0110
111  0000 0000
112  1011 1100
113  0000 0000
114  1011 1100
115  0000 0000
116  1110 0110
117  0000 0000
118  1011 1100
119  0100 0110
120  1111 1111
121  0000 0000
122  1011 1100
123  0000 0000
124  1010 0111
125  0000 0000
126  0010 1110
127  0000 0000
128  1010 0111
129  0001 0111
130  1110 0110
131  0000 0000
132  1111 1111
133  0001 0111
134  1010 0111
135  0000 0000
136  0111 1100
137  0000 0000
138  1110 0110
139  0000 0000
140  1110 0110
141  0000 0000
142  1111 1111
143  0000 0000
144  1011 1100
145  0001 0111
146  0110 1111
147  0000 0000
148  1111 1111
149  0001 0111
150  1110 0110
151  1100 0001
152  1011 1100
153  1100 0001
154  1100 0001
155  1100 0001
156  1100 0001
157  0100 0110
158  1010 0111
159  1100 0001
160  1111 1111
161  0000 0000
162  1111 1111
163  0100 0110
164  1001 0000
165  0101 1101
166  1100 0001
167  0000 0000
168  0110 1111
169  0000 0000
170  0100 0110
171  1000 1101
172  1011 1100
173  0010 1110
174  1000 1101
175  0100 0110
176  0101 1101
177  1000 1101
178  0110 1111
179  0000 0000
180  0101 1101
181  0100 0110
182  1001 0000
183  1101 1110
184  1001 0000
185  0000 0000
186  0011 0001
187  0010 1110
188  0101 1101
189  0110 1111
190  1000 1101
191  1000 1101
192  1001 0000
193  1100 0001
194  1100 0001
195  1000 1101
196  0111 1100
197  0001 0111
198  0011 0001
199  0001 0111
200  0001 0111
201  1100 0001
202  0001 0111
203  0010 1110
204  1000 1101
205  0010 1110
206  0000 0000
207  0010 1110
208  0011 0001
209  1000 1101
210  0101 1101
211  0100 0110
212  0000 0000
213  0010 1110
214  0110 1111
215  1100 0001
216  0000 0000
217  0000 0000
218  0011 0001
219  0010 1110
220  1101 1110
221  0100 0110
222  0000 0000
223  0101 1101
224  1100 0001
225  1000 1101
226  0011 0001
227  1000 1101
228  1101 1110
229  1100 0001
230  0010 1110
231  0100 0110
232  0100 0110
233  1100 0001
234  0000 0000
235  1000 1101
236  1000 1101
237  0000 0000
238  0001 0111
239  1000 1101
240  1111 1111
241  1100 0001
242  1111 1111
243  0000 0000
244  0001 0111
245  1000 1101
246  0111 1100
247  0100 0110
248  0111 1100
249  0001 0111
250  0111 1100
251  0100 0110
252  0100 0110
253  0100 0110
254  1111 1111
255  0100 0110
256  1001 0000
257  1000 1101
258  1110 0110
259  0000 0000
260  1000 1101
261  1000 1101
262  1010 0111
263  1100 0001
264  1011 1100
265  1000 1101
266  1010 0111
267  1001 0000
268  0110 1111
269  0000 0000
270  0110 1111
271  1000 1101
272  1010 0111
273  1100 0001
274  1010 0111
275  0100 0110
276  0000 0000
277  0100 0110
278  0001 0111
279  0010 1110
280  0010 1110
281  1100 0001
282  0001 0111
283  0010 1110
284  0110 1111
285  0010 1110
286  1111 1111
287  0010 1110
288  0100 0110
289  1000 1101
290  0011 0001
291  1100 0001
292  0100 0110
293  1101 1110
294  1101 1110
295  0100 0110
296  0001 0111
297  0101 1101
298  0011 0001
299  0100 0110
300  1000 1101
301  1000 1101
302  0010 1110
303  0100 0110
304  0010 1110
305  1100 0001
306  0110 1111
307  1000 1101
308  1110 0110
309  0100 0110
310  0111 1100
311  0100 0110
312  0101 1101
313  0000 0000
314  1111 1111
315  1100 0001
316  1100 0001
317  0000 0000
318  1110 0110
319  1000 1101
320  0101 1101
321  0100 0110
322  0101 1101
323  1100 0001
324  1100 0001
325  0011 0001
326  1110 0110
327  1000 1101
328  0110 1111
329  0100 0110
330  0111 1100
331  1100 0001
332  1100 0001
333  1100 0001
334  0101 1101
335  0100 0110
336  1111 1111
337  0100 0110
338  1111 1111
339  1000 1101
340  1111 1111
341  1100 0001
342  1101 1110
343  0000 0000
344  1111 1111
345  1000 1101
346  1101 1110
347  0010 1110
348  1101 1110
349  0100 0110
350  1101 1110
351  0000 0000
352  0111 1100
353  1100 0001
354  1101 1110
355  0100 0110
356  0101 1101
357  1100 0001
358  1101 1110
359  1100 0001
360  0101 1101
361  0100 0110
362  1101 1110
363  1100 0001
364  1111 1111
365  0100 0110
366  0111 1100
367  0010 1110
368  1101 1110
369  0100 0110
370  1111 1111
371  1000 1101
372  0101 1101
373  0100 0110
374  0101 1101
375  1100 0001
376  1101 1110
377  0010 1110
378  1111 1111
379  1000 1101
380  1111 1111
381  1000 1101
382  0101 1101
383  1000 1101
384  1101 1110
385  1000 1101
386  0101 1101
387  0100 0110
388  0111 1100
389  1100 0001
390  0101 1101
391  1000 1101
392  1101 1110
393  1000 1101
394  1101 1110
395  1100 0001
396  1101 1110
397  0010 1110
398  1101 1110
399  1100 0001
400  1101 1110
401  0100 0110
402  1101 1110
403  0100 0110
404  1111 1111
405  1000 1101
406  1111 1111
407  0000 0000
408  0111 1100
409  0100 0110
410  1111 1111
411  1000 1101
412  0111 1100
413  0000 0000
414  1111 1111
415  1100 0001
416  1101 1110
417  1000 1101
418  1111 1111
419  1100 0001
420  0111 1100
421  1000 1101
422  1111 1111
423  0100 0110
424  0111 1100
425  1000 1101
426  0111 1100
427  0100 0110
428  1111 1111
429  0100 0110
430  1111 1111
431  1000 1101
432  0101 1101
433  1000 1101
434  1111 1111
435  0010 1110
436  1101 1110
437  0000 0000
438  0111 1100
439  1000 1101
440  0111 1100
441  0000 0000
442  0111 1100
443  1000 1101
444  1111 1111
445  1000 1101
446  0101 1101
447  0100 0110
448  0101 1101
449  1100 0001
450  0111 1100
451  0010 1110
452  0101 1101
453  0010 1110
454  0101 1101
455  1100 0001
456  1101 1110
457  0000 0000
458  0111 1100
459  1100 0001
460  0101 1101
461  1100 0001
462  0101 1101
463  1000 1101
464  0111 1100
465  0100 0110
466  0101 1101
467  0100 0110
468  0111 1100
469  1100 0001
470  0101 1101
471  1000 1101
472  0111 1100
473  0000 0000
474  0101 1101
475  1100 0001
476  0111 1100
477  1000 1101
478  0111 1100
479  1000 1101
480  0111 1100
481  0100 0110
482  0111 1100
483  0000 0000
484  0111 1100
485  0000 0000
486  0101 1101
487  0000 0000
488  0111 1100
489  0000 0000
490  0101 1101
491  0010 1110
492  0101 1101
493  0000 0000
494  0101 1101
495  0000 0000
496  0111 1100
497  0000 0000
498  0111 1100
